10 0.35 40 0.05 100 36
28 41 0.496767 0.999645
25 41 0.504313 0.999965
21 44 0.496523 0.994151
22 47 0.495978 1.00024
26 43 0.491962 1.00198
28 42 0.492062 1.00756
26 42 0.493058 1.01164
27 40 0.493378 1.00696
25 42 0.48581 1.00785
23 42 0.484446 1.0059
25 41 0.484842 1.00197
23 42 0.491958 1.00647
24 44 0.493824 1.0086
24 45 0.490888 1.00299
26 41 0.482489 1.00789
23 41 0.481614 1.00314
23 45 0.477505 1.00269
23 41 0.475123 1.01042
24 44 0.469482 1.02379
20 48 0.473818 1.02371
19 45 0.473297 1.02532
22 43 0.466277 1.01487
21 45 0.4775 1.01715
24 45 0.467023 1.00598
24 43 0.467668 1.00321
24 43 0.465381 0.999756
21 46 0.455784 1.0078
25 41 0.455029 1.01206
24 43 0.457408 1.01166
22 49 0.473569 1.01351
24 46 0.476313 1.01202
24 41 0.483463 1.00623
24 43 0.472951 1.00272
21 42 0.478736 1.0018
22 44 0.478925 1.01332
24 42 0.480827 1.00874
21 44 0.487565 1.00982
22 48 0.487321 1.00602
26 47 0.48796 0.99118
25 48 0.483441 0.994787
23 53 0.480603 1.00888
26 51 0.485453 1.0089
28 47 0.481265 1.00344
29 45 0.483063 1.00044
29 40 0.478616 1.00269
26 41 0.481902 1.0001
23 43 0.483352 1.00394
23 45 0.476597 1.00952
22 48 0.473024 1.0195
24 48 0.476817 1.02491
25 47 0.478147 1.02796
23 46 0.479552 1.03286
24 41 0.488001 1.0422
25 43 0.484529 1.04514
23 48 0.478297 1.05052
26 41 0.474485 1.0536
23 44 0.4682 1.057
25 43 0.469625 1.05499
26 41 0.467281 1.04638
26 42 0.468658 1.04468
26 40 0.47568 1.03322
25 41 0.480075 1.03599
24 42 0.483376 1.02845
21 41 0.467194 1.02141
22 47 0.469025 1.02214
24 44 0.469913 1.02227
26 42 0.465422 1.03041
28 41 0.458861 1.03504
24 42 0.459883 1.06283
21 46 0.457099 1.0604
22 44 0.457729 1.0548
22 45 0.459391 1.06239
24 43 0.462278 1.06587
24 40 0.466521 1.07452
21 45 0.456706 1.06964
24 40 0.453756 1.06615
22 42 0.461799 1.07
20 44 0.458929 1.06676
23 44 0.462237 1.06065
24 44 0.457492 1.05317
25 41 0.462008 1.04557
23 45 0.46215 1.0609
22 43 0.460514 1.07247
20 47 0.465569 1.08108
22 44 0.459877 1.08103
24 43 0.462288 1.09395
21 46 0.475896 1.08794
23 47 0.470619 1.092
25 43 0.476957 1.08245
22 43 0.474949 1.07452
24 41 0.481106 1.08101
22 43 0.485957 1.08104
19 47 0.485712 1.07626
17 45 0.472061 1.06933
21 44 0.477819 1.08382
21 45 0.487469 1.08041
21 46 0.493369 1.07662
25 46 0.495134 1.08639
25 42 0.492444 1.09111
25 46 0.483653 1.09961
0