10 0.35 80 0.05 100 2
4 141 0.49381 1.00353
8 184 0.497778 1.01407
16 205 0.49455 1.02931
26 201 0.494134 1.01824
41 149 0.493996 1.02029
50 121 0.495312 1.0174
48 97 0.498632 1.00881
52 80 0.496783 0.998487
48 83 0.494797 0.995335
47 80 0.494739 1.00192
45 81 0.492073 1.0004
48 80 0.483612 0.991815
45 80 0.482392 0.985065
45 83 0.488649 0.985294
49 81 0.487376 0.986344
52 81 0.483183 1.00122
48 80 0.478099 1.00919
50 82 0.482818 1.00212
49 83 0.481407 1.0038
49 83 0.473704 1.00889
47 84 0.473933 0.99797
45 89 0.47272 0.994902
47 84 0.479453 0.993852
50 82 0.480993 0.996293
50 80 0.477451 0.997015
47 82 0.476354 0.995191
48 83 0.4752 1.0082
50 80 0.472911 1.00413
50 80 0.478308 1.00042
47 82 0.477985 1.00445
47 81 0.485016 0.998683
51 80 0.478634 0.993655
51 80 0.47684 0.991119
52 80 0.477387 0.986452
54 80 0.477478 0.992164
50 80 0.480457 1.00521
55 80 0.479712 1.00549
48 80 0.478281 1.0116
49 80 0.47658 1.00475
48 81 0.47279 1.00601
50 81 0.467762 1.01452
54 80 0.46795 1.01783
48 80 0.466622 1.01994
51 80 0.467582 1.01115
45 80 0.46518 1.01932
42 80 0.468338 1.00872
43 81 0.470944 1.00683
43 81 0.465983 1.00988
48 81 0.462365 1.00843
49 81 0.470045 1.00449
49 81 0.474987 1.00669
53 80 0.470285 1.01404
48 80 0.467499 1.02613
47 80 0.461772 1.03429
46 82 0.465366 1.01818
53 83 0.463759 1.01803
47 87 0.463531 1.03162
51 82 0.462826 1.03264
48 80 0.459111 1.03156
48 80 0.458607 1.03112
49 80 0.460498 1.02524
47 80 0.458449 1.02106
45 81 0.458624 1.02614
46 82 0.458215 1.02249
43 81 0.459596 1.00794
44 81 0.452126 1.01424
45 85 0.453048 1.01073
48 86 0.45314 1.01284
47 85 0.452184 1.01687
50 80 0.454005 1.01841
52 80 0.45468 1.01956
47 85 0.460363 1.01374
53 80 0.460945 1.00567
48 80 0.463123 1.01162
49 82 0.459009 1.0047
50 80 0.456557 1.01462
50 81 0.458446 1.00824
49 81 0.457104 1.01078
52 80 0.458435 1.01598
49 80 0.460739 1.01894
47 80 0.462217 1.01032
50 81 0.464635 1.01491
48 80 0.460072 1.02003
51 80 0.459712 1.01846
47 83 0.45605 1.02304
50 80 0.457966 1.01598
46 80 0.454126 1.0124
48 80 0.453696 1.0154
49 80 0.45331 1.01279
47 82 0.449797 1.01174
49 82 0.449544 1.01084
51 80 0.452748 1.00917
52 80 0.462323 1.01476
50 80 0.467475 1.01274
47 81 0.470716 1.00039
51 80 0.464942 0.994067
46 81 0.463837 0.992936
50 83 0.455637 0.996723
50 83 0.452729 0.992567
53 80 0.44854 0.988452
0