10 1 80 0.05 100 2
4 141 0.49381 1.00353
8 184 0.497778 1.01407
12 205 0.502011 1.02562
16 210 0.508133 1.02396
19 192 0.515064 1.0261
26 156 0.518809 1.01791
29 126 0.513717 1.01435
29 105 0.518408 1.01634
23 91 0.515702 1.0247
20 93 0.513704 1.02741
20 93 0.507143 1.03118
19 95 0.502586 1.02505
21 90 0.508758 1.02595
20 95 0.511664 1.02756
20 88 0.510326 1.02439
16 95 0.513532 1.01935
16 106 0.508397 1.01808
18 108 0.517176 1.01978
19 105 0.53081 1.02862
22 100 0.532181 1.0291
22 94 0.527778 1.03104
20 90 0.53347 1.03139
21 96 0.548552 1.03167
20 96 0.55694 1.03628
20 91 0.571753 1.04245
19 98 0.571547 1.04564
20 96 0.575597 1.04663
22 94 0.577048 1.05136
22 92 0.567536 1.05026
21 97 0.570898 1.05126
25 91 0.565944 1.04847
23 87 0.571332 1.05217
22 90 0.557967 1.05432
19 98 0.56019 1.06504
18 100 0.560897 1.06226
20 103 0.5654 1.05677
20 99 0.573243 1.06649
22 92 0.56522 1.06401
21 94 0.562813 1.0629
23 91 0.566823 1.05941
22 90 0.551224 1.05018
20 96 0.558305 1.05026
23 93 0.582865 1.04671
20 93 0.59424 1.04915
25 89 0.606247 1.0478
24 90 0.615817 1.04457
22 93 0.620143 1.03967
21 92 0.630469 1.02145
20 97 0.62297 1.01992
24 87 0.632526 1.02051
23 88 0.644387 1.01973
26 84 0.643729 1.01878
20 97 0.655668 1.00978
24 90 0.661327 1.01202
26 87 0.663964 1.01197
26 84 0.670898 1.00484
25 86 0.685712 1.00529
22 90 0.688934 1.00633
26 87 0.702705 1.00343
25 91 0.720155 1.00316
28 87 0.722311 1.00525
28 86 0.729506 0.993952
30 86 0.732924 0.992469
27 87 0.742988 0.995922
28 91 0.74356 0.996681
32 85 0.737796 1.00265
29 90 0.735769 1.0001
30 90 0.74081 1.00394
27 92 0.75047 1.00046
30 87 0.751103 0.99992
30 86 0.760261 0.998531
29 87 0.765521 1.0001
28 87 0.76524 0.998986
31 83 0.768373 0.997472
31 83 0.764219 0.994718
34 82 0.763647 0.998177
32 82 0.762362 0.997096
32 84 0.766654 0.994316
33 84 0.764432 0.991929
30 87 0.765242 0.996319
30 86 0.764893 0.992761
35 87 0.761991 0.989939
32 82 0.759537 0.990216
31 83 0.765094 0.995863
32 81 0.766429 0.995514
31 85 0.76797 0.99373
30 92 0.764338 0.99248
34 86 0.765544 0.99754
33 81 0.765984 0.998472
30 85 0.767413 0.995979
32 86 0.767305 0.998663
33 88 0.769607 1.0047
32 80 0.775538 1.01092
33 82 0.77624 1.01574
32 83 0.777951 1.009
35 82 0.77598 1.00363
32 84 0.778815 1.00613
31 83 0.780643 1.00386
31 84 0.785738 1.00433
34 84 0.786005 0.999954
0