10 0.2 10 0.05 2000 10
4 15 0.5 1
3 20 0.5 1
2 26 0.5 1
3 28 0.486424 1.00514
1 37 0.5 1
1 44 0.5 1
1 53 0.5 1
2 57 0.501627 0.985444
1 64 0.5 1
2 69 0.513537 1.00099
1 76 0.527075 1.00198
2 81 0.507362 0.98413
4 80 0.492375 0.973024
7 72 0.496968 0.980262
6 61 0.507138 0.996819
7 48 0.511165 0.999877
6 41 0.495402 0.997139
8 28 0.495987 0.990228
6 23 0.492626 0.969553
5 22 0.480646 0.961141
5 21 0.470872 0.963705
5 21 0.470872 0.963705
6 20 0.469164 0.961554
4 21 0.465329 0.964493
4 26 0.465329 0.964493
4 27 0.465329 0.964493
3 30 0.455117 0.964823
4 31 0.452502 0.96367
2 37 0.45264 0.955506
1 45 0.460625 0.9508
1 53 0.460625 0.9508
2 52 0.45424 0.971581
3 53 0.460276 0.97413
3 53 0.447787 0.981565
4 53 0.449333 0.987119
4 52 0.442995 0.9919
5 48 0.441886 0.999774
6 43 0.449088 0.990448
8 27 0.448684 0.982391
8 22 0.448687 0.982208
5 21 0.452475 0.974414
4 22 0.442304 0.96586
3 27 0.437189 0.961136
2 33 0.458075 0.973521
2 39 0.458075 0.973521
1 48 0.435272 0.969924
1 55 0.435272 0.969924
1 64 0.435272 0.969924
2 67 0.427693 0.955016
3 66 0.427347 0.970527
5 58 0.43328 0.97389
6 51 0.424718 0.969382
9 35 0.42449 0.967342
8 27 0.425706 0.969362
9 18 0.426692 0.964831
6 18 0.432457 0.98152
3 21 0.415472 0.953463
3 25 0.415472 0.953463
4 23 0.425923 0.951938
3 27 0.394269 0.953967
2 30 0.373768 0.945988
3 31 0.392929 0.953386
2 36 0.413032 0.94988
2 40 0.413032 0.94988
1 47 0.394812 0.931579
2 52 0.377809 0.911684
2 56 0.377809 0.911684
3 55 0.387024 0.889751
3 55 0.387024 0.889751
1 63 0.405454 0.845885
1 72 0.405454 0.845885
1 78 0.405454 0.845885
1 86 0.405454 0.845885
1 94 0.405454 0.845885
2 99 0.408114 0.848255
3 91 0.391 0.842423
5 81 0.396285 0.83141
8 74 0.400882 0.837626
10 57 0.397797 0.838786
13 33 0.394059 0.833682
12 22 0.395637 0.842486
9 17 0.384459 0.84873
4 17 0.372496 0.842288
4 21 0.372496 0.842288
4 24 0.372496 0.842288
4 25 0.347071 0.849996
4 24 0.347071 0.849996
3 27 0.340581 0.858789
3 33 0.340581 0.858789
3 38 0.340581 0.858789
4 37 0.333579 0.858092
4 37 0.333579 0.858092
3 41 0.340581 0.858789
3 45 0.340581 0.858789
2 51 0.354745 0.851529
2 53 0.354745 0.851529
2 57 0.354745 0.851529
2 62 0.354745 0.851529
3 65 0.348025 0.843086
4 62 0.339005 0.836936
4 60 0.339156 0.834429
5 57 0.328691 0.821134
7 49 0.327585 0.803244
7 46 0.320785 0.799326
6 39 0.324763 0.808055
5 33 0.332651 0.839026
5 34 0.332651 0.839026
4 35 0.333613 0.83408
4 34 0.333613 0.83408
2 41 0.332935 0.843298
3 43 0.324451 0.851045
4 40 0.309313 0.848163
5 37 0.294264 0.850996
2 43 0.285691 0.853029
1 51 0.307485 0.866538
2 48 0.321498 0.867567
3 49 0.319538 0.863972
3 50 0.319538 0.863972
4 49 0.313683 0.866553
5 47 0.298476 0.858516
5 46 0.298689 0.840764
6 43 0.30237 0.841498
6 42 0.306672 0.847043
5 44 0.298214 0.838655
7 39 0.307135 0.850928
6 29 0.297277 0.864302
6 28 0.288499 0.846098
5 28 0.294798 0.847157
5 29 0.294798 0.847157
5 33 0.294798 0.847157
5 35 0.311816 0.857401
6 33 0.305076 0.85541
8 27 0.299731 0.842612
6 25 0.299555 0.838905
5 26 0.297321 0.835195
5 27 0.287637 0.8391
6 27 0.292376 0.830643
5 25 0.314303 0.814116
4 27 0.331715 0.808601
5 26 0.32297 0.809554
6 25 0.316759 0.814381
5 22 0.337492 0.803453
3 29 0.35051 0.797756
2 35 0.381458 0.787124
2 40 0.381458 0.787124
2 46 0.381458 0.787124
2 52 0.381458 0.787124
2 57 0.381458 0.787124
3 60 0.385576 0.778744
5 54 0.380192 0.77879
6 47 0.387015 0.783178
7 35 0.383063 0.787676
5 26 0.392453 0.768992
5 29 0.392453 0.768992
6 27 0.382824 0.77015
5 28 0.375163 0.763156
4 28 0.376449 0.767069
3 34 0.366099 0.768657
2 40 0.346343 0.786499
1 49 0.334678 0.775939
1 55 0.334678 0.775939
1 62 0.334678 0.775939
1 68 0.334678 0.775939
1 76 0.334678 0.775939
1 84 0.334678 0.775939
1 91 0.334678 0.775939
2 95 0.33043 0.769765
3 98 0.333927 0.759959
6 86 0.341452 0.75817
7 78 0.350241 0.762491
7 70 0.3518 0.764832
8 58 0.351531 0.771214
8 51 0.354193 0.783496
8 39 0.346728 0.774861
4 38 0.339489 0.76831
3 43 0.355876 0.774689
4 46 0.364951 0.795297
6 42 0.371354 0.788205
7 32 0.386226 0.797031
8 25 0.392997 0.805108
5 27 0.379597 0.803304
5 25 0.379597 0.803304
5 24 0.379597 0.803304
5 25 0.379597 0.803304
3 31 0.377425 0.779787
3 30 0.377425 0.779787
2 38 0.378863 0.83385
2 41 0.378863 0.83385
3 42 0.385058 0.811159
3 43 0.385058 0.811159
2 47 0.394813 0.811449
2 53 0.394813 0.811449
3 56 0.391539 0.816436
4 52 0.40927 0.858549
5 48 0.415386 0.852852
6 42 0.401692 0.858534
6 39 0.414862 0.869538
6 34 0.414862 0.869538
6 35 0.414862 0.869538
5 33 0.428727 0.883417
5 34 0.428727 0.883417
4 38 0.433534 0.888314
5 35 0.438546 0.888524
4 39 0.439646 0.882594
1 47 0.425864 0.892682
1