10 1 80 0.05 2000 2
4 141 0.49381 1.00353
8 184 0.497778 1.01407
12 205 0.502011 1.02562
16 210 0.508133 1.02396
19 192 0.515064 1.0261
26 156 0.518809 1.01791
29 126 0.513717 1.01435
29 105 0.518408 1.01634
23 91 0.515702 1.0247
20 93 0.513704 1.02741
20 93 0.507143 1.03118
19 95 0.502586 1.02505
21 90 0.508758 1.02595
20 95 0.511664 1.02756
20 88 0.510326 1.02439
16 95 0.513532 1.01935
16 106 0.508397 1.01808
18 108 0.517176 1.01978
19 105 0.53081 1.02862
22 100 0.532181 1.0291
22 94 0.527778 1.03104
20 90 0.53347 1.03139
21 96 0.548552 1.03167
20 96 0.55694 1.03628
20 91 0.571753 1.04245
19 98 0.571547 1.04564
20 96 0.575597 1.04663
22 94 0.577048 1.05136
22 92 0.567536 1.05026
21 97 0.570898 1.05126
25 91 0.565944 1.04847
23 87 0.571332 1.05217
22 90 0.557967 1.05432
19 98 0.56019 1.06504
18 100 0.560897 1.06226
20 103 0.5654 1.05677
20 99 0.573243 1.06649
22 92 0.56522 1.06401
21 94 0.562813 1.0629
23 91 0.566823 1.05941
22 90 0.551224 1.05018
20 96 0.558305 1.05026
23 93 0.582865 1.04671
20 93 0.59424 1.04915
25 89 0.606247 1.0478
24 90 0.615817 1.04457
22 93 0.620143 1.03967
21 92 0.630469 1.02145
20 97 0.62297 1.01992
24 87 0.632526 1.02051
23 88 0.644387 1.01973
26 84 0.643729 1.01878
20 97 0.655668 1.00978
24 90 0.661327 1.01202
26 87 0.663964 1.01197
26 84 0.670898 1.00484
25 86 0.685712 1.00529
22 90 0.688934 1.00633
26 87 0.702705 1.00343
25 91 0.720155 1.00316
28 87 0.722311 1.00525
28 86 0.729506 0.993952
30 86 0.732924 0.992469
27 87 0.742988 0.995922
28 91 0.74356 0.996681
32 85 0.737796 1.00265
29 90 0.735769 1.0001
30 90 0.74081 1.00394
27 92 0.75047 1.00046
30 87 0.751103 0.99992
30 86 0.760261 0.998531
29 87 0.765521 1.0001
28 87 0.76524 0.998986
31 83 0.768373 0.997472
31 83 0.764219 0.994718
34 82 0.763647 0.998177
32 82 0.762362 0.997096
32 84 0.766654 0.994316
33 84 0.764432 0.991929
30 87 0.765242 0.996319
30 86 0.764893 0.992761
35 87 0.761991 0.989939
32 82 0.759537 0.990216
31 83 0.765094 0.995863
32 81 0.766429 0.995514
31 85 0.76797 0.99373
30 92 0.764338 0.99248
34 86 0.765544 0.99754
33 81 0.765984 0.998472
30 85 0.767413 0.995979
32 86 0.767305 0.998663
33 88 0.769607 1.0047
32 80 0.775538 1.01092
33 82 0.77624 1.01574
32 83 0.777951 1.009
35 82 0.77598 1.00363
32 84 0.778815 1.00613
31 83 0.780643 1.00386
31 84 0.785738 1.00433
34 84 0.786005 0.999954
35 83 0.781496 1.00231
34 83 0.781856 1.00623
34 81 0.787689 1.01017
31 84 0.787958 1.00909
32 93 0.785039 1.00602
31 86 0.789459 1.004
31 92 0.789171 1.00432
33 87 0.784961 0.997858
30 86 0.786136 1.00032
33 91 0.793924 1.00319
31 91 0.794832 0.996356
33 85 0.793294 0.990866
31 85 0.795891 0.985004
31 80 0.796297 0.98959
31 82 0.79608 0.99805
29 93 0.794861 0.998432
34 84 0.795866 0.99566
34 83 0.794013 0.999781
31 91 0.800964 0.988874
34 82 0.798124 0.983823
34 80 0.799402 0.989525
34 84 0.798329 0.996335
35 83 0.803803 0.999936
34 83 0.80719 0.991374
34 88 0.806487 0.99074
35 84 0.808639 0.988063
37 81 0.808053 0.982002
35 86 0.806274 0.981924
34 80 0.80582 0.982275
33 84 0.805471 0.984376
33 83 0.805457 0.980006
36 83 0.804959 0.972301
37 82 0.805532 0.969945
35 80 0.797617 0.964987
33 80 0.796234 0.96818
33 83 0.788873 0.961436
31 84 0.796751 0.961613
31 82 0.795944 0.964003
32 82 0.797406 0.963942
31 88 0.797032 0.961221
34 84 0.796773 0.970055
35 86 0.795855 0.97092
38 81 0.794928 0.977869
35 84 0.790303 0.973804
31 89 0.789865 0.97395
32 87 0.796858 0.972492
34 87 0.800536 0.967512
34 85 0.795409 0.965236
34 82 0.795684 0.966634
35 86 0.792855 0.969382
33 83 0.79731 0.96796
29 87 0.805556 0.972159
34 84 0.81071 0.975902
33 80 0.810318 0.969977
33 84 0.806903 0.970123
35 84 0.810933 0.962502
35 85 0.816263 0.961381
34 82 0.819873 0.962372
33 87 0.817707 0.956095
32 82 0.815537 0.954571
35 81 0.812147 0.956631
36 80 0.813873 0.955486
35 82 0.814867 0.961217
30 88 0.81562 0.963754
35 83 0.820594 0.959154
32 84 0.817328 0.965869
34 80 0.821118 0.964342
32 83 0.822671 0.959878
31 83 0.823564 0.9627
33 82 0.819389 0.962816
32 80 0.823917 0.965291
31 83 0.824275 0.962988
35 80 0.825177 0.961818
33 81 0.825886 0.95571
33 87 0.830584 0.949587
35 84 0.833992 0.94249
37 81 0.826043 0.941928
35 83 0.822666 0.94605
34 84 0.824758 0.941076
36 80 0.823293 0.939297
32 82 0.82529 0.954631
32 80 0.82679 0.952756
33 83 0.828575 0.944384
33 82 0.831849 0.940819
31 87 0.835086 0.941556
31 92 0.839944 0.943321
33 88 0.843628 0.941302
34 81 0.842356 0.941762
35 82 0.839195 0.947183
33 81 0.835681 0.939074
35 80 0.839324 0.942317
34 81 0.839631 0.934811
33 89 0.839104 0.939549
38 82 0.838492 0.93573
36 80 0.841109 0.933991
34 81 0.842487 0.929901
31 83 0.842385 0.925758
35 89 0.840678 0.930778
35 88 0.840037 0.937655
39 86 0.842222 0.941521
36 85 0.843148 0.936862
37 88 0.842298 0.937959
40 80 0.843009 0.935031
39 81 0.846105 0.935605
36 82 0.840998 0.943163
38 80 0.846511 0.944097
38 81 0.851354 0.941985
36 82 0.854473 0.943814
37 83 0.862575 0.94144
36 83 0.8628 0.939457
37 83 0.859367 0.939201
37 81 0.862612 0.938379
37 84 0.862141 0.94141
35 85 0.865043 0.942499
34 86 0.861778 0.93362
34 92 0.863684 0.929523
37 81 0.859422 0.93125
36 81 0.855178 0.93926
38 84 0.854973 0.937508
37 83 0.851666 0.93795
37 84 0.85623 0.937168
36 82 0.866139 0.935248
37 83 0.864685 0.945719
37 81 0.871854 0.947846
36 82 0.875967 0.943408
35 85 0.885475 0.941531
38 83 0.893487 0.942588
39 85 0.900444 0.939552
37 82 0.901379 0.935516
35 87 0.911659 0.93586
38 84 0.917523 0.938253
40 81 0.921148 0.936001
37 80 0.941922 0.941491
37 80 0.940114 0.939515
37 81 0.943684 0.935904
40 84 0.940887 0.937461
40 82 0.940601 0.944281
39 82 0.941655 0.948267
41 81 0.935967 0.952546
39 81 0.949212 0.958664
41 84 0.955545 0.958851
40 86 0.957257 0.961346
44 80 0.955062 0.962234
38 81 0.967899 0.952929
38 84 0.967044 0.951174
41 80 0.973502 0.947668
42 83 0.981629 0.949377
42 80 0.984239 0.947231
39 80 0.982274 0.951592
33 93 0.973489 0.960465
43 82 0.969579 0.958565
41 83 0.976419 0.956592
43 80 0.980316 0.956202
39 82 0.983985 0.957628
39 81 0.989028 0.960716
35 85 0.987837 0.955938
37 82 0.989973 0.954386
36 82 0.986935 0.957768
39 83 0.986319 0.965073
39 84 0.979383 0.967762
45 80 0.980122 0.969881
41 80 0.982501 0.965848
42 80 0.980517 0.965319
41 83 0.977252 0.970537
39 83 0.976122 0.970299
42 81 0.973293 0.976098
41 83 0.971797 0.979569
37 82 0.964948 0.982081
37 83 0.962295 0.980466
40 81 0.961297 0.983899
40 81 0.961918 0.983514
40 81 0.962517 0.983405
42 81 0.960039 0.984456
41 80 0.956646 0.987938
41 81 0.959764 0.985548
41 81 0.958849 0.987321
43 80 0.958564 0.983346
42 80 0.960008 0.983485
40 81 0.964416 0.975791
39 80 0.965312 0.977455
39 81 0.970452 0.976743
38 84 0.976872 0.977609
44 80 0.978542 0.977324
43 83 0.981149 0.976331
37 81 0.977817 0.979394
38 87 0.976935 0.981277
41 80 0.974447 0.981834
37 80 0.977815 0.983622
40 80 0.975973 0.981154
40 83 0.978767 0.972547
41 80 0.977754 0.968213
40 84 0.978559 0.962499
41 80 0.977169 0.955919
40 80 0.97846 0.952711
38 86 0.982753 0.951878
41 83 0.971599 0.960645
38 81 0.977479 0.945963
35 83 0.97453 0.94595
37 89 0.969831 0.951004
38 91 0.968705 0.942102
38 95 0.966603 0.938292
38 85 0.969033 0.939102
39 82 0.966081 0.940744
40 82 0.968171 0.94918
40 86 0.972776 0.957903
43 83 0.970314 0.951246
43 81 0.969538 0.951012
45 82 0.969932 0.955608
40 80 0.966513 0.958827
41 80 0.971572 0.952411
41 80 0.973213 0.952844
42 83 0.97324 0.94776
41 80 0.970496 0.955138
40 84 0.976731 0.948243
39 82 0.978792 0.944155
40 81 0.973849 0.958098
42 83 0.97903 0.958258
41 85 0.983077 0.964814
42 85 0.989751 0.963823
39 82 0.990601 0.960715
39 84 0.991289 0.964095
38 85 0.99833 0.965376
39 81 1.00091 0.970214
40 83 1.0055 0.967488
37 91 1.00316 0.966197
40 88 1.00766 0.963327
39 84 1.00516 0.959084
38 80 1.00351 0.963285
38 86 1.00117 0.972274
37 85 1.00021 0.97886
41 87 1.00182 0.979779
41 83 1.00335 0.970957
41 82 1.00798 0.966705
40 81 1.01143 0.967629
40 87 1.0143 0.976991
43 82 1.01566 0.975221
40 80 1.01246 0.979621
40 83 1.00874 0.976286
45 80 1.00834 0.978317
41 81 1.01071 0.976891
38 80 1.01162 0.966978
40 80 1.00395 0.976747
38 81 1.00601 0.974851
37 83 1.0218 0.965842
41 81 1.02522 0.960752
40 80 1.02208 0.965683
41 80 1.01889 0.977824
40 86 1.02423 0.967341
39 81 1.02493 0.968492
41 81 1.0219 0.9725
41 80 1.01817 0.98143
39 83 1.02031 0.969946
41 83 1.01726 0.974574
41 82 1.01582 0.973825
40 84 1.01347 0.977005
35 84 1.02137 0.971628
40 83 1.02442 0.964833
41 81 1.02869 0.961074
43 81 1.02724 0.959981
39 85 1.01838 0.969473
40 80 1.0146 0.972723
36 82 1.01506 0.972563
41 82 1.01388 0.975195
43 83 1.01457 0.970351
41 82 1.01907 0.964233
38 84 1.02472 0.959575
41 83 1.02419 0.961759
39 82 1.02481 0.977308
42 81 1.02494 0.974346
38 80 1.03061 0.971929
41 80 1.03506 0.980007
38 82 1.03016 0.978826
42 80 1.02907 0.968108
43 80 1.02273 0.975664
38 83 1.02217 0.980712
39 84 1.01597 0.990869
39 81 1.01593 0.982131
41 80 1.01987 0.976232
39 88 1.02359 0.975478
44 80 1.02042 0.966266
40 82 1.02112 0.976388
43 80 1.01563 0.977113
41 81 1.01248 0.976614
42 80 1.00832 0.980323
40 81 1.01228 0.979091
41 82 1.01105 0.971861
43 80 1.00883 0.975127
39 80 1.01394 0.983787
39 85 1.01506 0.983849
42 83 1.01877 0.992805
43 81 1.02074 0.98917
42 82 1.02255 0.984612
40 82 1.02707 0.985927
43 81 1.02705 0.986034
42 80 1.0289 0.983535
41 80 1.03092 0.982865
41 80 1.03114 0.982107
43 84 1.03212 0.983843
42 85 1.03336 0.989588
43 81 1.0301 0.987096
45 80 1.02809 0.990408
43 81 1.02081 0.986101
43 80 1.02355 0.979202
41 81 1.01408 0.980111
41 81 1.01759 0.98456
42 81 1.01301 0.985543
43 81 1.01385 0.982848
41 80 1.00935 0.980196
39 80 1.00476 0.975081
42 82 1.00208 0.9754
41 80 1.00639 0.971341
40 82 1.00255 0.975883
42 82 0.999959 0.97103
41 80 1.00474 0.968074
41 81 1.00631 0.976384
40 80 1.00712 0.970766
41 83 1.0048 0.971271
43 82 1.00324 0.964541
44 80 0.995623 0.968032
38 80 0.985176 0.985681
40 80 0.987783 0.98476
40 82 0.993281 0.996913
39 80 0.986796 1.00392
41 80 0.98922 0.999231
39 81 0.985169 0.998006
39 83 0.982873 0.990626
40 82 0.985317 0.99015
39 84 0.988074 0.989047
40 84 0.996462 0.993226
40 85 1.00122 0.98818
35 92 0.994348 0.986324
39 86 0.994874 0.981784
39 87 0.997424 0.985889
38 82 1.00252 0.981879
38 80 1.00903 0.980069
37 83 1.01445 0.976177
39 83 1.01876 0.96591
42 82 1.02043 0.9698
45 81 1.02043 0.969933
40 81 1.02963 0.979911
38 83 1.02649 0.972182
43 82 1.03319 0.970673
42 81 1.02842 0.973332
41 80 1.02427 0.987585
43 81 1.02305 0.987487
41 81 1.02782 0.988491
40 80 1.0194 0.996594
39 80 1.02236 0.998994
39 82 1.02045 1.00493
42 80 1.02641 0.999926
42 82 1.03064 0.999066
40 81 1.03166 1.00404
40 80 1.03242 1.0088
40 81 1.03169 1.002
44 81 1.02452 1.00486
41 80 1.02573 1.01162
37 83 1.03168 1.01692
40 81 1.03655 1.01242
40 80 1.03628 1.00689
37 81 1.03548 1.00341
39 81 1.02953 1.00612
42 83 1.02989 0.997041
43 80 1.029 0.997695
42 82 1.02018 0.993387
41 81 1.01941 0.991282
39 81 1.01812 0.988483
40 80 1.00987 0.997553
41 81 1.01209 0.998273
43 81 1.01163 0.99468
41 80 1.00688 0.99401
37 80 1.00228 0.995053
38 82 1.00527 0.99808
37 81 0.991283 0.999079
39 85 0.993263 0.997083
40 84 1.0077 0.987539
43 81 1.00605 0.998011
43 80 0.997145 0.99795
43 82 1.00038 0.991693
43 80 0.996247 0.997213
40 81 0.995445 0.994417
40 80 1.00011 0.998748
38 87 1.01311 0.99173
43 85 1.01574 0.994609
43 82 1.01272 1.00008
44 81 1.00918 1.00012
43 80 1.01362 0.998903
40 81 1.02225 0.993627
42 81 1.01886 0.984112
42 82 1.01415 0.980273
39 80 1.00423 0.981753
41 80 0.999934 0.983533
40 81 1.01173 0.983362
41 81 1.01504 0.979477
39 81 1.0214 0.978493
39 83 1.03461 0.981722
41 82 1.04336 0.99068
42 81 1.04538 0.993609
43 81 1.05295 0.992105
44 81 1.05345 0.994897
42 85 1.07536 0.992035
47 80 1.09684 0.990236
45 80 1.09318 0.988727
44 83 1.11631 0.988005
46 80 1.11125 0.982463
45 82 1.11773 0.987772
40 82 1.12612 0.984988
45 80 1.13051 0.983256
46 80 1.13424 0.980251
43 80 1.13179 0.983978
45 82 1.14951 0.98645
49 81 1.16418 0.981297
49 80 1.16666 0.972343
51 80 1.18392 0.966033
48 80 1.19189 0.957025
49 80 1.18401 0.956385
49 81 1.19133 0.954938
50 80 1.18735 0.954776
46 81 1.19604 0.959402
48 81 1.19257 0.95849
49 80 1.18949 0.954372
52 81 1.19809 0.964804
50 80 1.20075 0.968035
49 80 1.20949 0.968089
45 80 1.20999 0.975094
45 82 1.21315 0.978537
47 82 1.21683 0.982268
48 81 1.2216 0.982558
47 80 1.22267 0.983811
50 80 1.22345 0.990105
49 80 1.23387 0.992869
49 81 1.23559 0.990972
48 83 1.24409 0.990655
52 80 1.2494 0.990169
49 81 1.25185 0.983375
48 80 1.24669 0.972145
50 81 1.24506 0.983123
51 81 1.25113 0.982444
54 80 1.2622 0.988145
55 80 1.26025 0.986754
51 80 1.26475 0.98607
50 80 1.27322 0.989422
49 80 1.27248 0.990438
49 80 1.2722 0.985423
48 80 1.27795 0.988693
49 81 1.27525 0.978713
52 80 1.27227 0.9719
55 80 1.2778 0.985778
54 81 1.28199 0.991559
54 80 1.28854 1.00572
52 81 1.28567 1.00513
51 80 1.27872 1.01456
51 81 1.27717 1.01653
53 83 1.27773 1.018
53 80 1.27713 1.01922
56 80 1.27881 1.02041
56 80 1.28522 1.02926
49 81 1.2848 1.01988
50 80 1.28645 1.02243
44 82 1.28184 1.00795
48 80 1.27538 1.00715
48 81 1.27542 1.00919
56 80 1.28435 1.01188
48 80 1.2881 1.01776
49 81 1.28362 1.01999
54 80 1.28654 1.01688
51 80 1.28888 1.01864
50 80 1.2994 1.02081
50 82 1.2944 1.02116
53 80 1.29245 1.01963
49 80 1.29607 1.01582
47 81 1.28577 1.01388
47 82 1.2768 1.01001
52 80 1.28157 1.01052
52 80 1.28144 1.01023
50 82 1.28085 1.01058
56 80 1.28686 1.00623
50 80 1.26753 0.999685
53 84 1.27447 1.0004
54 80 1.26931 0.995187
52 82 1.26452 1.01144
49 80 1.26888 1.01279
50 80 1.26547 1.02343
52 82 1.26962 1.01958
53 82 1.2705 1.00812
52 80 1.26918 1.00777
53 80 1.27326 1.00409
48 80 1.26534 1.00699
45 82 1.26498 1.01159
47 82 1.26794 1.00741
51 81 1.26975 1.00412
53 81 1.26591 1.02306
55 80 1.26746 1.02763
51 80 1.26502 1.02355
50 82 1.26819 1.02339
50 80 1.26612 1.0297
50 81 1.27629 1.03306
49 80 1.27659 1.02346
49 80 1.28226 1.03251
54 80 1.28414 1.03684
53 80 1.28812 1.03767
50 80 1.28373 1.03666
49 81 1.28544 1.02904
49 83 1.29513 1.03146
53 80 1.295 1.03663
54 81 1.2905 1.04055
51 80 1.29153 1.03352
52 80 1.28708 1.03038
51 81 1.29551 1.02368
53 80 1.30605 1.0177
53 82 1.29696 1.01823
49 80 1.29531 1.01532
49 81 1.29437 1.02331
46 80 1.3038 1.02568
47 80 1.29578 1.03534
50 80 1.29863 1.02827
52 80 1.29172 1.03097
51 81 1.29587 1.03093
53 81 1.29408 1.02468
52 82 1.29961 1.03711
53 80 1.30599 1.04031
52 82 1.3093 1.03948
51 81 1.30392 1.04493
53 80 1.30131 1.04439
54 80 1.29873 1.04478
51 80 1.29165 1.0475
49 80 1.2986 1.0501
48 81 1.29705 1.04688
54 80 1.30003 1.04764
51 80 1.30846 1.04113
48 81 1.30887 1.03769
47 82 1.30769 1.0462
51 80 1.30965 1.04385
52 80 1.30399 1.04801
52 80 1.30116 1.04675
54 80 1.30844 1.04547
50 80 1.30843 1.0526
48 80 1.30728 1.05506
50 80 1.30414 1.0644
49 81 1.29797 1.05876
51 82 1.29106 1.07068
49 80 1.28965 1.07068
50 80 1.29016 1.06986
48 80 1.28505 1.07235
51 80 1.28395 1.07242
52 80 1.27852 1.07378
52 80 1.27875 1.07118
48 83 1.27467 1.06919
54 80 1.2738 1.06494
51 80 1.27594 1.06643
51 81 1.2785 1.07298
52 82 1.27548 1.06691
51 83 1.27975 1.06733
51 80 1.28171 1.05822
49 80 1.28952 1.05617
47 82 1.29186 1.06086
51 80 1.27155 1.07248
49 80 1.27476 1.07448
48 80 1.26885 1.08933
54 80 1.27229 1.07887
54 81 1.27366 1.07724
49 84 1.27992 1.07709
52 84 1.2845 1.07936
52 80 1.28814 1.0815
49 81 1.28473 1.08605
54 80 1.27635 1.08943
54 82 1.27204 1.09756
51 81 1.26536 1.09404
53 80 1.25671 1.10412
49 84 1.25965 1.1105
54 80 1.26796 1.10859
51 80 1.27144 1.10679
49 80 1.2749 1.10576
49 81 1.27957 1.11339
54 80 1.28146 1.11282
55 80 1.27997 1.11588
52 81 1.27552 1.11908
50 83 1.2768 1.12063
54 80 1.29028 1.12061
49 83 1.29231 1.12744
52 80 1.28955 1.13372
48 80 1.29091 1.13167
49 80 1.28926 1.13998
51 81 1.296 1.13536
53 81 1.2986 1.13856
52 85 1.30259 1.12487
54 82 1.29895 1.1286
53 80 1.2942 1.13134
48 82 1.29911 1.13448
47 80 1.30052 1.14119
51 80 1.30791 1.14228
53 83 1.30035 1.15061
51 80 1.30068 1.15346
48 80 1.29042 1.15688
50 81 1.28944 1.1548
49 80 1.28948 1.1591
49 82 1.28574 1.16259
47 82 1.27879 1.16506
51 80 1.28362 1.16887
49 80 1.28186 1.16479
47 80 1.28141 1.17204
52 81 1.28981 1.17139
48 80 1.28493 1.17414
49 80 1.28649 1.16438
48 82 1.28674 1.16672
53 80 1.29295 1.15549
51 82 1.2904 1.15812
50 80 1.28376 1.15723
51 80 1.2969 1.14794
53 80 1.30332 1.14755
56 82 1.30139 1.14109
58 80 1.29888 1.14991
51 81 1.29587 1.15811
50 80 1.29515 1.17022
50 80 1.29138 1.18313
49 83 1.29504 1.19533
50 83 1.29109 1.19461
55 81 1.29892 1.19744
54 81 1.29738 1.1993
52 80 1.30089 1.20584
52 80 1.29857 1.19992
52 80 1.30227 1.20118
54 80 1.29736 1.20146
52 81 1.29309 1.19459
50 80 1.29003 1.19367
52 80 1.28993 1.18335
52 80 1.28358 1.18504
51 80 1.27598 1.1832
54 80 1.2774 1.17981
53 81 1.27822 1.17557
52 82 1.27918 1.18431
53 81 1.27886 1.17751
49 81 1.2764 1.17744
50 80 1.2787 1.16502
49 80 1.27616 1.16234
47 81 1.27618 1.16037
52 82 1.27605 1.16854
47 80 1.28809 1.16285
49 80 1.29404 1.16176
50 81 1.29127 1.16346
51 81 1.28801 1.16425
52 80 1.29094 1.16044
48 80 1.27479 1.17131
51 81 1.27764 1.16236
52 80 1.27523 1.16314
50 80 1.28482 1.15534
51 80 1.29121 1.15311
50 81 1.28149 1.16104
51 82 1.28535 1.15837
46 81 1.29105 1.15669
50 80 1.28993 1.1712
49 81 1.2918 1.17267
54 82 1.2883 1.18174
58 80 1.28323 1.18637
56 80 1.28736 1.18375
51 80 1.29056 1.18308
47 81 1.29464 1.19444
51 80 1.30786 1.18471
51 81 1.30637 1.18882
52 80 1.31463 1.18326
51 80 1.31834 1.17872
53 81 1.31299 1.17866
56 80 1.31036 1.17882
50 80 1.32092 1.17996
53 80 1.31754 1.18303
53 80 1.31208 1.18482
52 80 1.3165 1.17941
50 80 1.31873 1.17788
49 80 1.32154 1.17796
52 80 1.32144 1.18039
54 80 1.3246 1.18144
49 80 1.32424 1.18768
54 81 1.33604 1.18135
54 80 1.32507 1.18518
54 83 1.31376 1.18891
56 80 1.3121 1.19097
51 80 1.31648 1.19718
48 80 1.31744 1.2001
53 81 1.31222 1.19548
49 80 1.31235 1.19089
49 82 1.31129 1.1771
51 80 1.31638 1.17749
52 80 1.31542 1.18345
52 81 1.31844 1.17954
53 80 1.3183 1.18173
53 80 1.32368 1.19058
51 80 1.32328 1.19314
48 82 1.32841 1.18256
53 80 1.33231 1.17577
56 80 1.34504 1.16493
52 80 1.34214 1.16157
48 81 1.35121 1.16436
51 80 1.35115 1.16811
52 80 1.36393 1.15363
51 83 1.3719 1.14773
50 86 1.37078 1.1492
50 82 1.36603 1.15927
53 80 1.37357 1.16256
48 81 1.36123 1.17151
49 80 1.35106 1.16906
50 80 1.35369 1.17183
51 80 1.35719 1.16069
51 80 1.35906 1.15168
51 80 1.35423 1.15155
55 80 1.3592 1.14388
51 81 1.34207 1.14758
48 80 1.33239 1.15124
48 81 1.33422 1.15037
49 80 1.33943 1.17215
49 81 1.33818 1.1693
52 84 1.34537 1.16806
53 81 1.35504 1.15473
52 80 1.35617 1.16145
54 80 1.34623 1.16595
47 81 1.34619 1.16354
52 80 1.34199 1.15988
48 80 1.34393 1.16054
50 80 1.335 1.16524
52 80 1.34281 1.16817
52 81 1.34746 1.17669
52 80 1.34481 1.16785
50 81 1.34087 1.1735
48 85 1.35241 1.15626
54 82 1.35632 1.15176
53 80 1.36456 1.14743
51 81 1.36783 1.15126
48 80 1.35785 1.15935
48 80 1.36907 1.15114
47 82 1.36071 1.17427
49 83 1.36171 1.17229
52 80 1.36365 1.16991
50 82 1.36437 1.15467
49 80 1.36626 1.16521
49 80 1.35148 1.16452
47 83 1.35482 1.15224
52 84 1.3443 1.15455
54 80 1.34505 1.14848
51 80 1.34103 1.15173
54 80 1.34321 1.14816
48 81 1.34923 1.15689
49 85 1.35451 1.15726
45 82 1.35189 1.17339
46 82 1.34276 1.17027
49 82 1.35316 1.17406
50 82 1.34697 1.17078
52 80 1.34119 1.17009
52 80 1.33945 1.17334
52 81 1.33456 1.17413
54 80 1.33307 1.17333
49 82 1.33369 1.1691
50 80 1.33453 1.16518
52 85 1.32802 1.16729
50 85 1.33262 1.16602
53 84 1.3353 1.16322
56 80 1.33749 1.15625
50 80 1.33851 1.15012
49 80 1.34117 1.14575
52 80 1.3468 1.14933
49 80 1.34207 1.15338
47 80 1.3467 1.15979
46 80 1.35168 1.15491
49 80 1.35085 1.15895
51 80 1.34279 1.16331
52 83 1.34312 1.15519
53 81 1.34722 1.15623
53 80 1.34433 1.156
51 80 1.33963 1.15966
51 80 1.33561 1.16602
50 80 1.34069 1.15423
52 80 1.3487 1.15364
52 80 1.35988 1.14406
54 80 1.35874 1.15402
55 80 1.36948 1.15297
49 81 1.36973 1.15876
48 82 1.37397 1.14968
49 81 1.37573 1.14574
52 80 1.36752 1.12994
54 80 1.36876 1.14159
56 80 1.35937 1.14309
56 80 1.3528 1.13612
49 80 1.35736 1.13378
51 80 1.35491 1.14577
52 80 1.35571 1.14858
48 82 1.35368 1.15306
52 80 1.35503 1.15044
49 80 1.35963 1.15382
51 80 1.35018 1.16205
48 81 1.34813 1.15869
51 83 1.34961 1.16645
50 82 1.3452 1.16882
53 81 1.34533 1.16748
51 81 1.32988 1.16544
53 81 1.33988 1.16439
54 82 1.33283 1.16922
53 80 1.32632 1.17478
51 80 1.33559 1.1714
50 81 1.35137 1.17153
50 83 1.3519 1.17033
55 82 1.33999 1.17736
51 80 1.35475 1.17572
48 83 1.35114 1.17777
50 81 1.34234 1.18113
48 81 1.34666 1.17801
51 80 1.36014 1.17127
52 82 1.36133 1.1725
52 83 1.3647 1.175
48 81 1.36187 1.17059
49 80 1.35632 1.18072
50 80 1.37037 1.18058
51 80 1.38059 1.18634
49 80 1.37501 1.1804
49 80 1.3718 1.17128
47 80 1.38377 1.17476
49 80 1.38407 1.17149
52 80 1.37509 1.17124
54 80 1.37265 1.16558
50 81 1.37125 1.16076
52 82 1.37386 1.16685
51 83 1.37044 1.17111
51 81 1.36125 1.16962
50 83 1.36016 1.17814
48 80 1.36847 1.169
47 84 1.36083 1.17416
52 81 1.36435 1.17028
53 80 1.36321 1.16626
52 80 1.35838 1.17266
51 80 1.37193 1.16224
53 81 1.37474 1.16378
54 80 1.37615 1.16125
53 81 1.37227 1.16375
51 80 1.37358 1.17151
51 80 1.38116 1.17699
54 80 1.382 1.17894
54 81 1.38451 1.17492
51 80 1.38316 1.17782
53 80 1.39038 1.18005
53 80 1.37958 1.17184
52 80 1.37935 1.17634
51 81 1.37526 1.17086
53 81 1.37146 1.16376
52 80 1.37521 1.16169
50 80 1.37532 1.16154
46 80 1.37067 1.16696
47 80 1.3712 1.16774
50 80 1.3751 1.17013
52 81 1.37892 1.1595
51 82 1.37684 1.15624
51 80 1.37146 1.16291
53 80 1.37118 1.15373
49 81 1.37055 1.15101
53 82 1.37086 1.16308
52 80 1.37266 1.16463
51 81 1.37746 1.17089
51 82 1.37134 1.16538
52 80 1.37511 1.17116
47 80 1.37734 1.16675
50 81 1.38471 1.17824
50 80 1.37464 1.16889
52 80 1.3806 1.17546
54 80 1.38585 1.17473
56 80 1.38066 1.17198
52 80 1.37321 1.16588
54 80 1.36337 1.15867
51 80 1.35789 1.15359
53 80 1.36003 1.15229
52 80 1.35121 1.14331
51 82 1.34699 1.13279
51 80 1.34472 1.13236
49 80 1.35339 1.14635
49 80 1.35966 1.14079
52 80 1.36473 1.15263
49 80 1.36413 1.14744
47 80 1.38214 1.16311
50 80 1.3703 1.16044
50 80 1.36877 1.15223
50 80 1.3752 1.16553
53 80 1.37009 1.16643
50 80 1.36089 1.16351
55 80 1.34791 1.1622
52 80 1.34375 1.16182
54 80 1.35154 1.16005
56 80 1.35037 1.15262
53 80 1.35626 1.15005
49 80 1.35481 1.15964
53 82 1.34922 1.14246
53 82 1.3434 1.15036
49 83 1.35694 1.16146
50 80 1.34766 1.16326
49 80 1.34628 1.16329
49 81 1.35468 1.16452
51 80 1.36027 1.16687
53 82 1.36309 1.16853
52 83 1.36736 1.15694
54 81 1.36955 1.16399
54 80 1.36532 1.16804
50 80 1.37628 1.16423
52 80 1.37689 1.15327
52 80 1.37978 1.16029
51 80 1.37817 1.15215
51 80 1.36745 1.14524
51 81 1.3753 1.15326
55 80 1.37463 1.155
53 80 1.38326 1.16425
54 80 1.38646 1.16567
48 82 1.38524 1.17466
47 87 1.38578 1.17266
50 80 1.38046 1.18836
54 80 1.37582 1.19045
50 80 1.3702 1.17587
49 82 1.36856 1.17922
52 80 1.37668 1.17286
51 82 1.38386 1.17506
55 80 1.37504 1.16722
55 81 1.36502 1.17289
52 80 1.3646 1.16035
49 80 1.37029 1.16348
48 82 1.36233 1.16312
55 80 1.36672 1.15847
51 81 1.37446 1.14897
55 80 1.37721 1.14171
51 80 1.37934 1.13957
51 82 1.37653 1.15065
53 80 1.3701 1.14905
52 80 1.37217 1.14466
52 80 1.35878 1.1288
51 84 1.34423 1.14073
55 80 1.34635 1.13725
50 80 1.35044 1.14182
46 80 1.35534 1.14275
49 80 1.35017 1.13876
49 82 1.3446 1.14237
51 80 1.34221 1.13329
53 82 1.32756 1.13466
51 80 1.3403 1.12961
51 80 1.34032 1.12983
53 80 1.33372 1.12988
51 80 1.3262 1.12729
51 80 1.33522 1.12169
49 81 1.34289 1.11977
52 80 1.32911 1.11821
53 81 1.33124 1.12235
48 82 1.33043 1.12066
47 80 1.32791 1.12085
47 82 1.32832 1.12086
45 87 1.32591 1.12345
51 80 1.32585 1.12337
47 80 1.31696 1.12033
49 80 1.3074 1.11238
53 81 1.3074 1.10751
54 80 1.3091 1.10447
53 80 1.31368 1.10344
47 81 1.31123 1.09551
51 80 1.31476 1.09543
48 80 1.32328 1.09527
50 81 1.32455 1.09283
52 81 1.33933 1.09117
51 81 1.34636 1.09344
55 80 1.34491 1.09008
52 80 1.34068 1.0854
51 81 1.34425 1.08741
50 83 1.34164 1.09257
52 80 1.34199 1.09429
51 81 1.33213 1.09858
51 82 1.32759 1.0865
52 80 1.32182 1.08795
53 80 1.32476 1.08394
47 80 1.33063 1.08865
51 81 1.33168 1.09084
52 81 1.32227 1.09981
49 80 1.3149 1.10869
56 80 1.31273 1.10686
56 80 1.31024 1.11167
56 80 1.31058 1.11676
52 80 1.30771 1.11319
53 81 1.31174 1.11096
52 82 1.3134 1.11549
49 82 1.30571 1.13133
53 80 1.30769 1.12821
49 80 1.31675 1.1244
49 80 1.32819 1.13847
51 80 1.33846 1.12708
50 81 1.33734 1.13532
50 80 1.34684 1.13911
52 80 1.36458 1.12384
48 80 1.35926 1.12115
47 81 1.35494 1.12698
51 84 1.35696 1.12739
49 81 1.36563 1.12122
44 84 1.38096 1.1103
49 83 1.37531 1.1043
52 84 1.37546 1.11268
52 81 1.37493 1.11519
50 80 1.36565 1.12059
49 81 1.35257 1.11725
46 89 1.34545 1.11763
52 80 1.34804 1.11671
51 80 1.34659 1.11197
50 80 1.33755 1.11411
53 81 1.33227 1.11632
52 80 1.33329 1.12307
50 82 1.3324 1.11896
52 80 1.32861 1.11896
50 82 1.33257 1.11795
53 80 1.33077 1.12323
53 80 1.3325 1.119
56 80 1.32458 1.12746
54 80 1.33525 1.11939
53 80 1.34402 1.11726
52 81 1.33655 1.12232
55 80 1.33439 1.12703
48 80 1.33304 1.13113
51 80 1.32034 1.1358
49 80 1.32627 1.13587
48 81 1.32552 1.135
51 80 1.32988 1.13105
51 80 1.33546 1.13634
49 80 1.32192 1.13815
48 82 1.31478 1.14377
47 80 1.31132 1.14534
48 80 1.30854 1.14207
51 83 1.32393 1.13338
53 81 1.31633 1.14446
54 80 1.32 1.13929
50 80 1.31146 1.13851
51 81 1.30934 1.14111
52 80 1.31384 1.14403
52 80 1.3118 1.13778
53 80 1.31659 1.13914
51 80 1.33767 1.13239
51 81 1.33451 1.12672
49 80 1.33264 1.12185
47 86 1.33166 1.12247
48 89 1.34194 1.11225
56 80 1.34479 1.11092
51 83 1.3442 1.10206
51 81 1.35222 1.10375
50 81 1.34045 1.11401
52 80 1.33638 1.11009
47 80 1.34212 1.09834
53 80 1.34856 1.1082
51 80 1.35579 1.09882
53 80 1.3645 1.09098
48 81 1.34793 1.10167
47 80 1.35732 1.10701
50 80 1.35413 1.10678
50 82 1.36255 1.11215
55 82 1.36842 1.11683
55 80 1.36232 1.11334
52 80 1.37312 1.11095
44 81 1.37336 1.11178
46 80 1.36549 1.10876
51 80 1.36802 1.11017
44 81 1.38279 1.09785
43 82 1.37897 1.10347
50 82 1.38248 1.10174
46 80 1.37476 1.08491
50 81 1.36902 1.07746
48 80 1.36574 1.07843
47 80 1.36163 1.08381
45 80 1.3539 1.07184
47 84 1.35017 1.0729
47 82 1.35099 1.06575
47 82 1.35086 1.06567
45 84 1.35316 1.05255
52 81 1.35592 1.05651
51 81 1.36675 1.06581
51 80 1.37263 1.06632
46 87 1.37869 1.07408
52 80 1.37307 1.0828
52 80 1.36241 1.08006
47 80 1.37447 1.07311
48 80 1.37847 1.07514
50 82 1.37475 1.07639
48 82 1.3712 1.08015
51 80 1.35594 1.08581
52 80 1.36082 1.08113
51 82 1.37323 1.08434
53 80 1.37698 1.08008
50 81 1.3668 1.08322
49 81 1.36677 1.08549
51 81 1.36409 1.08872
44 83 1.35864 1.09348
50 80 1.34411 1.11706
50 80 1.33743 1.12083
51 80 1.33175 1.12398
49 80 1.34667 1.11157
48 81 1.35238 1.1082
50 80 1.35095 1.11388
52 80 1.34384 1.1125
51 82 1.32919 1.13864
54 80 1.33068 1.13775
51 81 1.32357 1.14815
51 80 1.32355 1.15541
54 81 1.33043 1.15349
53 80 1.3443 1.14458
53 81 1.34587 1.1445
54 81 1.33863 1.15568
53 83 1.33497 1.15466
55 80 1.32613 1.17307
53 81 1.33886 1.16021
50 80 1.34315 1.15387
52 80 1.34296 1.15713
49 80 1.34938 1.15315
54 80 1.35389 1.15442
52 80 1.3535 1.1499
51 80 1.35317 1.13779
51 80 1.34932 1.14259
55 80 1.34307 1.14604
56 80 1.34623 1.14421
52 80 1.35145 1.13284
51 80 1.34921 1.14935
48 81 1.35102 1.14856
53 80 1.35426 1.14378
48 80 1.36284 1.13783
50 80 1.3647 1.13062
50 81 1.36734 1.11473
52 80 1.363 1.1372
50 80 1.36399 1.13627
51 80 1.37965 1.1189
54 80 1.37541 1.12743
53 80 1.3792 1.11457
50 80 1.37599 1.10665
47 82 1.37345 1.10277
49 83 1.36556 1.11478
53 81 1.36487 1.11326
52 80 1.35673 1.12659
54 80 1.36075 1.10829
51 80 1.36004 1.09302
50 82 1.36862 1.07136
51 83 1.36374 1.07985
49 80 1.36834 1.08333
49 83 1.37143 1.08844
52 80 1.37957 1.09529
54 81 1.38244 1.08969
58 80 1.38776 1.06157
54 80 1.38438 1.06163
54 81 1.37976 1.04846
52 80 1.39025 1.03137
54 80 1.38323 1.02646
51 81 1.38645 1.02217
52 80 1.38333 1.01711
51 80 1.38247 1.01126
51 82 1.37876 1.02128
54 81 1.37627 1.02369
53 81 1.37688 1.04202
48 81 1.37852 1.04552
49 80 1.37232 1.05501
52 80 1.36833 1.05896
51 81 1.36441 1.05164
52 80 1.3556 1.06223
49 81 1.36122 1.0558
49 80 1.37529 1.0496
52 82 1.36796 1.05664
53 80 1.35828 1.06183
51 80 1.35161 1.06103
49 80 1.35679 1.06152
47 81 1.36019 1.06678
47 81 1.35412 1.05815
45 80 1.34659 1.07043
49 83 1.3525 1.06216
54 80 1.36017 1.06168
54 80 1.36003 1.06558
49 81 1.35133 1.07291
47 82 1.34443 1.07767
50 83 1.34595 1.07941
53 80 1.34927 1.08179
52 80 1.3552 1.08367
50 82 1.35034 1.08703
56 80 1.34951 1.0859
55 80 1.34503 1.08904
50 80 1.34635 1.09274
51 81 1.34338 1.09174
51 80 1.35761 1.09209
51 80 1.3543 1.09076
49 80 1.36363 1.08579
49 80 1.36225 1.07859
52 81 1.35614 1.09215
52 80 1.36454 1.08046
50 83 1.36164 1.09164
55 80 1.37181 1.08738
51 80 1.36208 1.09401
48 80 1.35864 1.09877
50 80 1.36476 1.10427
47 80 1.35819 1.08959
52 80 1.36425 1.09067
51 80 1.3593 1.09873
49 80 1.35474 1.1079
49 81 1.34754 1.12267
54 80 1.34432 1.12932
49 80 1.33772 1.1439
52 80 1.33792 1.13888
53 80 1.33229 1.14024
54 81 1.33973 1.12907
53 80 1.33594 1.12592
52 82 1.34191 1.13221
54 81 1.34242 1.13698
53 80 1.34368 1.13201
51 81 1.345 1.12528
50 82 1.34957 1.11683
51 81 1.34672 1.12882
51 81 1.35321 1.12467
55 80 1.35305 1.12393
51 80 1.3413 1.11802
47 81 1.34159 1.11532
46 81 1.32947 1.10889
50 81 1.33175 1.11209
51 81 1.31833 1.11516
52 80 1.31686 1.11914
49 80 1.31504 1.12156
47 80 1.31747 1.1237
49 80 1.31095 1.12436
49 82 1.32223 1.10997
54 80 1.31966 1.11951
50 81 1.32042 1.11256
52 80 1.31943 1.11326
51 80 1.30867 1.13865
53 80 1.30049 1.12997
52 80 1.29351 1.13571
49 83 1.2938 1.15303
52 81 1.2991 1.16433
48 82 1.30451 1.17508
51 81 1.31241 1.17196
54 81 1.31777 1.16858
52 81 1.31704 1.19103
50 80 1.31762 1.20783
51 80 1.31763 1.19778
48 80 1.32539 1.19903
43 85 1.32198 1.19625
49 84 1.31632 1.21107
52 83 1.30424 1.21805
52 81 1.30934 1.20195
51 82 1.31027 1.19243
51 80 1.31509 1.18315
52 80 1.31613 1.18165
51 84 1.3052 1.18184
54 81 1.30029 1.18899
53 80 1.30519 1.16781
51 80 1.30553 1.17261
49 82 1.30807 1.17223
51 81 1.30635 1.16602
52 80 1.30222 1.1675
50 81 1.3078 1.16883
48 80 1.3106 1.17308
47 80 1.31359 1.18634
48 80 1.3128 1.17596
49 81 1.3186 1.16463
52 80 1.31621 1.16696
52 80 1.31601 1.1708
53 82 1.30817 1.16915
52 81 1.30982 1.17476
52 80 1.30631 1.19388
54 80 1.3071 1.19829
53 80 1.30826 1.20607
52 80 1.31162 1.19778
50 81 1.31248 1.20313
53 80 1.30939 1.19245
52 84 1.30756 1.19074
53 84 1.30998 1.18723
49 80 1.30787 1.19377
50 80 1.31643 1.18569
52 83 1.31485 1.18558
53 80 1.31662 1.18533
52 80 1.30466 1.18305
50 81 1.30389 1.18109
51 80 1.30158 1.17869
50 80 1.29282 1.18821
47 81 1.30616 1.20249
50 80 1.30994 1.1893
48 84 1.30207 1.18852
50 81 1.3022 1.19366
47 80 1.30239 1.17369
50 82 1.30571 1.1767
51 80 1.30053 1.18746
50 80 1.30253 1.1891
47 81 1.29675 1.19001
45 81 1.3037 1.1865
53 82 1.30153 1.17248
53 81 1.31071 1.17899
54 80 1.31389 1.17689
54 83 1.31775 1.17675
50 80 1.32389 1.18474
53 80 1.33189 1.18353
50 82 1.32822 1.17506
53 80 1.32851 1.16672
54 81 1.32531 1.17842
52 80 1.31999 1.19053
55 80 1.31181 1.18057
54 80 1.31419 1.18385
53 81 1.3136 1.18167
51 81 1.32236 1.18065
53 80 1.32558 1.19312
55 80 1.32335 1.19639
51 80 1.3153 1.19532
50 80 1.32763 1.17995
49 81 1.32539 1.17247
53 80 1.32246 1.1745
51 80 1.32038 1.19987
48 80 1.31629 1.17329
50 81 1.31339 1.18326
49 83 1.31855 1.16599
50 82 1.31336 1.16396
55 80 1.3112 1.14947
52 80 1.31227 1.16453
52 81 1.32206 1.15374
50 80 1.3344 1.15022
50 80 1.33497 1.14487
52 80 1.33083 1.13735
50 80 1.32787 1.14901
49 81 1.33525 1.15211
48 84 1.33748 1.14003
53 81 1.33033 1.13621
55 80 1.324 1.13313
48 85 1.32413 1.13426
46 87 1.3237 1.13798
50 87 1.31702 1.13803
54 81 1.30787 1.14402
52 83 1.30665 1.14243
53 80 1.30796 1.14285
52 81 1.3069 1.13919
50 81 1.31062 1.14187
50 82 1.31925 1.13103
53 80 1.31471 1.13597
50 81 1.31999 1.12539
50 80 1.32112 1.1165
49 80 1.32455 1.10775
50 80 1.33144 1.11136
52 81 1.33122 1.10431
51 80 1.33343 1.0973
50 80 1.3369 1.08775
53 80 1.33425 1.09348
52 80 1.33399 1.10125
50 81 1.34162 1.0856
53 80 1.34143 1.09056
52 80 1.34639 1.09626
49 83 1.3438 1.10724
53 81 1.33918 1.10324
53 80 1.33652 1.10808
54 80 1.33501 1.10553
54 80 1.32765 1.12211
51 81 1.33328 1.11476
47 86 1.34308 1.10347
52 84 1.34028 1.10835
51 83 1.33836 1.10526
52 80 1.33331 1.12584
53 80 1.33905 1.1272
48 80 1.33572 1.12311
45 85 1.32131 1.12735
48 81 1.31239 1.11824
52 80 1.31892 1.12695
54 80 1.3047 1.13256
49 84 1.30504 1.11807
50 81 1.30304 1.11869
51 82 1.30607 1.12611
54 80 1.3003 1.13572
54 80 1.29343 1.12817
49 80 1.29909 1.14136
48 82 1.31076 1.14214
51 83 1.31826 1.14552
50 80 1.3047 1.15708
49 80 1.30699 1.15093
50 80 1.30218 1.14706
50 80 1.29417 1.14721
48 80 1.29868 1.14143
48 80 1.30607 1.1445
50 82 1.30378 1.13482
52 80 1.31219 1.12676
52 80 1.3065 1.13228
49 80 1.3149 1.14188
48 80 1.32415 1.14318
49 82 1.31911 1.13747
51 81 1.32586 1.14482
52 80 1.33318 1.15162
54 80 1.34006 1.14314
50 83 1.34477 1.14611
50 83 1.32964 1.15075
55 80 1.33963 1.15554
50 80 1.35161 1.15903
49 83 1.35031 1.16211
54 82 1.35987 1.17998
54 80 1.36191 1.18423
52 80 1.35092 1.17705
53 80 1.34909 1.18237
50 81 1.34751 1.17618
54 80 1.34598 1.16779
53 80 1.35336 1.18312
51 80 1.34468 1.18008
50 80 1.33835 1.17955
49 80 1.35203 1.18848
52 80 1.3475 1.19821
48 80 1.34303 1.18389
48 80 1.337 1.18908
49 80 1.34108 1.1934
47 80 1.34642 1.19471
50 80 1.35956 1.19242
45 83 1.35641 1.18041
46 82 1.36399 1.18139
47 80 1.36625 1.17713
47 81 1.34865 1.17477
51 80 1.34947 1.18695
50 80 1.35916 1.18448
49 82 1.35806 1.17797
50 80 1.3431 1.20699
54 81 1.34356 1.20653
49 80 1.34155 1.20823
51 80 1.3392 1.21991
53 80 1.32977 1.21695
47 85 1.32185 1.22201
52 81 1.31792 1.21449
53 80 1.31668 1.20896
57 80 1.31042 1.2173
52 81 1.30837 1.21104
51 80 1.30514 1.213
52 81 1.31022 1.21723
52 81 1.32074 1.21355
54 80 1.31944 1.21447
52 81 1.32589 1.21656
50 85 1.32746 1.22033
50 81 1.32717 1.23369
52 82 1.32994 1.2308
55 80 1.33176 1.22119
53 80 1.32332 1.21034
51 80 1.31524 1.18563
49 80 1.313 1.19178
52 80 1.31287 1.19472
53 80 1.32498 1.17722
51 80 1.32048 1.17632
52 82 1.32829 1.17864
50 80 1.33699 1.17343
51 82 1.34315 1.18568
58 81 1.33678 1.19384
55 80 1.32766 1.19218
55 80 1.32613 1.19926
50 80 1.31896 1.19966
54 80 1.32712 1.20408
54 80 1.32265 1.19501
52 80 1.32404 1.19137
46 81 1.32255 1.18892
49 80 1.31956 1.18892
47 81 1.33518 1.19868
51 80 1.34653 1.19678
49 80 1.34133 1.17879
51 80 1.34184 1.17346
47 84 1.36026 1.18319
48 80 1.37027 1.18518
50 85 1.38636 1.19573
48 84 1.38482 1.1927
50 80 1.37801 1.19473
52 80 1.37179 1.19521
50 80 1.36955 1.18455
53 80 1.38534 1.18377
50 80 1.36941 1.18219
51 80 1.36907 1.18292
52 80 1.38822 1.18548
53 80 1.39985 1.18563
55 81 1.39382 1.17492
55 80 1.374 1.17414
51 80 1.36451 1.17843
49 82 1.37307 1.18789
49 80 1.37916 1.19328
50 80 1.37922 1.20017
49 81 1.38801 1.19202
49 82 1.38286 1.17025
52 80 1.38602 1.16754
51 82 1.39432 1.17137
55 80 1.39406 1.17537
51 81 1.39499 1.18265
48 87 1.40001 1.1723
55 80 1.39819 1.17336
52 81 1.37614 1.18755
49 83 1.37799 1.1941
46 81 1.37795 1.19323
50 83 1.38752 1.2014
47 85 1.39526 1.19296
49 84 1.38047 1.19158
49 85 1.37289 1.18584
51 80 1.37298 1.19535
47 80 1.38112 1.19474
51 80 1.37356 1.1806
49 80 1.37833 1.19275
46 82 1.36631 1.19038
50 82 1.3691 1.19321
54 80 1.3707 1.1815
51 82 1.38116 1.19896
55 80 1.3807 1.20278
51 80 1.38676 1.19657
50 81 1.37662 1.20516
50 80 1.38065 1.20215
51 80 1.37876 1.20494
52 81 1.37027 1.20512
53 81 1.37467 1.21921
51 80 1.37573 1.2317
50 80 1.38065 1.22361
49 82 1.38186 1.21833
52 85 1.38044 1.21592
53 80 1.38078 1.21465
50 84 1.37551 1.20364
51 82 1.37508 1.18592
52 80 1.37615 1.18267
49 80 1.37607 1.20027
51 82 1.369 1.20193
51 81 1.37098 1.19951
52 83 1.37088 1.21835
48 84 1.3795 1.22802
49 81 1.38529 1.21721
48 81 1.40071 1.22115
51 81 1.39991 1.25032
50 80 1.41058 1.25627
50 80 1.41164 1.26624
50 80 1.41314 1.26211
51 80 1.41328 1.26589
46 81 1.40911 1.25636
49 80 1.41454 1.25231
50 81 1.40419 1.23208
53 80 1.40271 1.23778
52 80 1.41334 1.23921
54 80 1.42059 1.23284
55 80 1.42261 1.23322
52 80 1.41405 1.23559
53 80 1.40624 1.22321
53 80 1.39431 1.21631
48 80 1.4052 1.21556
51 80 1.40048 1.21048
51 80 1.40451 1.20855
55 80 1.40915 1.21184
55 81 1.41089 1.22942
56 80 1.41154 1.24041
51 81 1.41489 1.23606
54 80 1.41257 1.23411
50 80 1.41364 1.2422
50 80 1.41404 1.24265
52 80 1.41435 1.22965
51 80 1.42097 1.2217
53 81 1.42317 1.22072
51 81 1.42432 1.2181
52 80 1.42676 1.21775
52 80 1.42952 1.22601
46 83 1.43098 1.23878
51 80 1.43244 1.24222
55 80 1.43214 1.24976
54 80 1.42772 1.25128
52 80 1.4249 1.23027
49 80 1.42776 1.24011
47 81 1.43269 1.23783
52 80 1.42365 1.24629
55 80 1.42519 1.2398
53 80 1.42735 1.22986
51 80 1.43073 1.22554
53 80 1.4217 1.21639
55 81 1.42083 1.22487
52 80 1.4232 1.22562
51 80 1.42173 1.22194
51 80 1.42813 1.20884
53 81 1.42268 1.20544
52 80 1.41892 1.20611
50 80 1.41796 1.21585
52 84 1.41808 1.22347
53 80 1.41647 1.2106
52 80 1.41308 1.227
52 80 1.41623 1.23758
53 80 1.42316 1.24321
51 80 1.41528 1.22028
48 80 1.4248 1.20951
49 80 1.42384 1.21966
50 80 1.4275 1.22345
52 81 1.42215 1.21786
51 80 1.41103 1.21694
49 82 1.41286 1.23028
48 81 1.41397 1.23571
50 80 1.40638 1.23542
53 82 1.40107 1.22657
53 81 1.39968 1.22605
52 80 1.39879 1.23133
50 81 1.3971 1.22899
47 80 1.39881 1.23703
51 80 1.39853 1.23231
47 81 1.39165 1.2272
49 80 1.39666 1.23306
46 80 1.39395 1.2639
47 80 1.39891 1.26746
47 80 1.39082 1.27006
48 81 1.38637 1.25772
48 80 1.39509 1.25331
53 80 1.38784 1.23407
52 82 1.38754 1.2315
57 80 1.37932 1.22913
56 80 1.38482 1.22222
51 80 1.39144 1.21856
50 80 1.38759 1.22995
54 82 1.38461 1.24222
55 80 1.3933 1.25533
51 80 1.39459 1.22927
49 80 1.39731 1.2439
48 80 1.3989 1.25218
50 80 1.39243 1.25469
51 80 1.39735 1.26188
50 81 1.38599 1.27629
54 80 1.39108 1.27215
52 80 1.38145 1.27127
50 81 1.3851 1.2884
44 82 1.3811 1.29855
50 80 1.38615 1.29398
52 82 1.38505 1.28219
51 82 1.38404 1.26397
53 81 1.38972 1.24679
50 83 1.38825 1.24431
50 81 1.37673 1.24129
51 80 1.38258 1.24534
53 81 1.37598 1.25174
50 80 1.38078 1.2391
48 84 1.37666 1.24716
50 83 1.38007 1.242
52 80 1.3717 1.25856
53 82 1.37188 1.25276
50 80 1.36788 1.22928
50 80 1.36797 1.24007
53 80 1.37089 1.23803
49 80 1.37725 1.2551
51 80 1.37621 1.25982
48 80 1.37194 1.23343
53 80 1.37105 1.23513
52 80 1.38457 1.2375
54 80 1.38786 1.23238
52 81 1.38213 1.23268
50 81 1.38726 1.2416
51 83 1.39103 1.24148
54 81 1.38906 1.25111
52 80 1.38016 1.23825
49 80 1.39225 1.24938
48 80 1.38823 1.2457
50 80 1.38501 1.24376
53 80 1.37983 1.25546
49 80 1.36513 1.23992
53 80 1.36349 1.25151
56 80 1.36801 1.25401
52 83 1.37488 1.25296
50 80 1.38326 1.26597
51 81 1.38425 1.2754
56 80 1.38548 1.28339
50 80 1.38117 1.26945
53 80 1.38488 1.26658
50 81 1.3875 1.26287
48 81 1.38784 1.25928
49 81 1.38075 1.25525
47 81 1.37998 1.26441
51 81 1.38469 1.27708
48 80 1.37959 1.26967
50 80 1.38926 1.27674
49 80 1.38993 1.28128
54 80 1.39318 1.28324
51 80 1.38961 1.28851
50 82 1.38635 1.28293
50 80 1.375 1.2815
52 80 1.37372 1.27916
52 80 1.38389 1.27666
51 80 1.38484 1.29126
51 81 1.37784 1.28814
49 84 1.37182 1.28424
51 80 1.37015 1.28534
51 80 1.37837 1.28913
52 80 1.38577 1.29984
51 80 1.37525 1.30152
52 80 1.38053 1.30534
55 80 1.38551 1.30615
50 80 1.39123 1.31172
52 83 1.38158 1.32181
55 80 1.39298 1.32379
55 80 1.39113 1.32854
58 83 1.39929 1.33237
56 80 1.3949 1.33784
54 80 1.40152 1.33853
53 80 1.39301 1.33477
54 80 1.39351 1.3325
55 80 1.39813 1.331
51 80 1.40268 1.34271
53 80 1.39616 1.33828
47 82 1.39681 1.33762
51 81 1.39454 1.34159
54 80 1.3906 1.34028
54 80 1.38786 1.34235
50 80 1.39306 1.33978
50 81 1.38366 1.32565
46 85 1.39069 1.33787
54 81 1.38196 1.34921
52 80 1.38018 1.33925
53 81 1.38525 1.32806
51 80 1.38154 1.33881
50 80 1.38551 1.32873
55 80 1.38796 1.33902
52 80 1.38406 1.33727
49 80 1.38531 1.34701
49 83 1.37997 1.33867
50 84 1.36797 1.33489
52 80 1.36735 1.32358
52 80 1.37154 1.33041
52 81 1.37737 1.32912
55 80 1.37602 1.33703
54 80 1.37673 1.33758
53 80 1.3847 1.34166
50 82 1.38395 1.34505
51 80 1.39255 1.34803
53 82 1.40278 1.34261
49 81 1.41109 1.33703
51 80 1.40538 1.33869
49 80 1.39675 1.34213
51 80 1.39817 1.34201
49 80 1.37898 1.34465
51 80 1.36375 1.34664
45 80 1.36519 1.36837
48 80 1.36463 1.37412
44 80 1.37009 1.38083
45 80 1.36636 1.38954
46 83 1.36695 1.39504
46 82 1.36682 1.38691
51 81 1.37282 1.38456
54 82 1.37198 1.38234
49 81 1.36129 1.37365
46 81 1.35664 1.38305
50 80 1.37013 1.38436
52 80 1.36497 1.38861
48 80 1.36907 1.39432
50 80 1.36016 1.38913
49 80 1.37279 1.40143
49 80 1.37807 1.40333
48 83 1.37364 1.39643
46 82 1.36146 1.40339
50 84 1.37086 1.40643
50 81 1.36258 1.40523
52 81 1.36925 1.39962
52 80 1.37525 1.40309
53 81 1.38097 1.39893
49 80 1.381 1.40161
51 80 1.37394 1.39945
48 81 1.37174 1.40444
47 80 1.37617 1.40284
49 80 1.37392 1.40575
47 82 1.38351 1.40376
50 81 1.39275 1.40344
52 80 1.382 1.40332
50 80 1.38055 1.41741
49 82 1.38462 1.412
48 80 1.38579 1.41111
50 82 1.38798 1.41318
52 80 1.37185 1.41571
51 80 1.36772 1.41837
54 80 1.36759 1.41905
50 81 1.36256 1.42528
49 80 1.35037 1.42032
52 81 1.37091 1.41361
52 80 1.36698 1.42013
52 80 1.35745 1.43032
51 80 1.35704 1.44425
52 82 1.36041 1.43685
54 80 1.36063 1.42511
53 82 1.35903 1.43256
53 84 1.35591 1.43298
50 81 1.3498 1.43618
50 80 1.34965 1.4404
49 80 1.34872 1.43874
53 80 1.34721 1.44763
51 80 1.34448 1.44631
51 82 1.34654 1.44707
52 80 1.34128 1.44633
50 80 1.34693 1.44765
52 80 1.35625 1.45613
52 80 1.35385 1.45669
50 80 1.36174 1.46062
51 80 1.35762 1.45653
54 80 1.36202 1.45037
53 80 1.35783 1.44253
54 80 1.36411 1.44376
50 81 1.36924 1.44434
46 82 1.3667 1.44603
50 80 1.36197 1.44624
45 85 1.35272 1.45217
53 80 1.34312 1.45665
53 80 1.35367 1.45689
51 80 1.35127 1.45794
49 80 1.33522 1.46553
50 81 1.34708 1.45945
51 80 1.34566 1.45901
49 81 1.35089 1.46096
53 82 1.35553 1.45953
52 86 1.35686 1.45533
52 80 1.36303 1.4625
52 80 1.3705 1.46016
54 80 1.3664 1.46166
55 80 1.36326 1.46647
51 80 1.35818 1.46335
50 83 1.36948 1.46932
49 80 1.36795 1.47296
47 82 1.37465 1.46834
52 80 1.36854 1.46313
52 80 1.36059 1.4584
47 80 1.36021 1.45482
51 81 1.35516 1.46164
49 82 1.35217 1.45441
53 81 1.34469 1.46522
56 80 1.35118 1.47028
54 81 1.35208 1.46461
57 81 1.3598 1.45678
53 82 1.36261 1.4544
49 81 1.36301 1.44804
52 80 1.35401 1.45537
49 82 1.35354 1.45654
55 80 1.35925 1.44964
51 80 1.36426 1.45427
50 80 1.36542 1.46236
51 81 1.35805 1.46592
52 82 1.35046 1.47222
51 80 1.34768 1.47161
51 80 1.35314 1.47171
49 81 1.35242 1.47409
51 80 1.35196 1.47104
46 83 1.34915 1.47195
49 80 1.33829 1.47237
50 80 1.34185 1.47057
50 80 1.34114 1.46652
51 80 1.33776 1.46526
48 82 1.33978 1.46359
51 81 1.34368 1.46294
52 80 1.35111 1.4647
50 80 1.35138 1.45917
54 80 1.34308 1.45597
55 80 1.34924 1.45869
51 81 1.35134 1.45182
53 80 1.3483 1.45991
50 81 1.34818 1.45875
49 82 1.35147 1.46117
50 81 1.36047 1.45551
50 83 1.35794 1.45975
51 85 1.36372 1.46141
52 81 1.34927 1.45592
52 80 1.35629 1.45732
51 81 1.35635 1.44293
50 80 1.36096 1.43789
47 82 1.36611 1.43836
49 80 1.34908 1.42357
50 81 1.34588 1.42319
50 80 1.34249 1.41841
51 80 1.35277 1.42044
53 80 1.35323 1.41859
53 80 1.35069 1.42198
55 80 1.35172 1.42123
51 80 1.35277 1.43231
53 80 1.35784 1.43733
55 82 1.35118 1.43198
55 80 1.35666 1.43098
53 80 1.36394 1.42689
53 80 1.36592 1.43064
51 80 1.37977 1.42321
52 80 1.37962 1.4211
50 80 1.37889 1.42528
50 80 1.37383 1.433
49 82 1.37664 1.42349
47 80 1.37508 1.42329
48 80 1.36427 1.41837
50 81 1.36161 1.42784
52 82 1.3695 1.41864
51 81 1.37968 1.42932
46 81 1.39318 1.4218
49 80 1.39681 1.43204
50 80 1.40617 1.42628
45 80 1.3858 1.43968
50 80 1.3838 1.44559
50 80 1.38291 1.43482
52 80 1.38665 1.43361
50 82 1.38015 1.44586
50 82 1.38533 1.44365
50 80 1.37717 1.44823
52 82 1.37763 1.44423
56 80 1.3726 1.45438
53 80 1.38213 1.43591
47 81 1.38637 1.43732
49 80 1.39308 1.45214
53 80 1.38834 1.44238
53 80 1.38592 1.4462
52 81 1.38999 1.44448
51 80 1.39143 1.45437
54 81 1.39082 1.44731
51 80 1.39799 1.44303
52 80 1.39668 1.45903
51 80 1.39768 1.45388
51 80 1.40262 1.46845
52 81 1.40608 1.46444
53 80 1.41326 1.45661
53 80 1.40357 1.4547
47 81 1.40582 1.46407
48 81 1.41351 1.45801
49 80 1.41068 1.47195
52 82 1.40516 1.4742
52 80 1.40846 1.4634
53 80 1.40507 1.48021
52 86 1.41292 1.4761
52 81 1.41169 1.47851
54 82 1.41516 1.47703
53 81 1.4144 1.48431
54 80 1.40739 1.47858
50 80 1.39997 1.46764
51 81 1.40057 1.45759
48 80 1.39214 1.44113
50 81 1.38103 1.43715
0